 51 2002.114985 1.296E-25 2.901E+01.04650.049 3579.97510.67-.002819              2              1                    P 27      475623 510 5 5 1 8    53.0   55.0
 51 2003.667981 1.488E-22 1.452E+01.04380.046 2023.37150.67-.002810              1              0                    P 32      475623 510 5 5 1 8    63.0   65.0
 51 2003.977307 8.032E-29 4.376E+01.05030.053 5130.79260.67-.002832              3              2                    P 21      475663 510 5 5 1 8    41.0   43.0
 51 2006.783612 2.056E-25 2.922E+01.04710.050 3477.58510.67-.002822              2              1                    P 26      475623 510 5 5 1 8    51.0   53.0
 51 2008.421529 1.126E-28 4.409E+01.05100.054 5051.74320.67-.002832              3              2                    P 20      475663 510 5 5 1 8    39.0   41.0
 51 2008.525448 2.616E-22 1.463E+01.04430.047 1901.13080.67-.002811              1              0                    P 31      475623 510 5 5 1 8    61.0   63.0
 51 2011.421043 3.201E-25 2.945E+01.04770.051 3378.95370.67-.002824              2              1                    P 25      475623 510 5 5 1 8    49.0   51.0
 51 2012.833683 1.545E-28 4.443E+01.05170.055 4976.43800.67-.002831              3              2                    P 19      475663 510 5 5 1 8    37.0   39.0
 51 2013.352446 4.512E-22 1.475E+01.04480.047 1782.66240.67-.002813              1              0                    P 30      475623 510 5 5 1 8    59.0   61.0
 51 2016.027134 4.882E-25 2.966E+01.04830.051 3284.08460.67-.002827              2              1                    P 24      475623 510 5 5 1 8    47.0   49.0
 51 2017.213621 2.077E-28 4.479E+01.05240.056 4904.87990.68-.002828              3              2                    P 18      475663 510 5 5 1 8    35.0   37.0
 51 2018.148830 7.633E-22 1.486E+01.04540.048 1667.97090.67-.002815              1              0                    P 29      475623 510 5 5 1 8    57.0   59.0
 51 2020.601738 7.300E-25 2.989E+01.04900.052 3192.98150.67-.002829              2              1                    P 23      475623 510 5 5 1 8    45.0   47.0
 51 2021.561199 2.732E-28 4.514E+01.05310.057 4837.07170.69-.002822              3              2                    P 17      475663 510 5 5 1 8    33.0   35.0
 51 2022.914455 1.266E-21 1.496E+01.04600.049 1557.06070.67-.002817              1              0                    P 28      475623 510 5 5 1 8    55.0   57.0
 51 2025.144711 1.070E-24 3.012E+01.04960.053 3105.64790.67-.002831              2              1                    P 22      475623 510 5 5 1 8    43.0   45.0
 51 2025.876269 3.518E-28 4.551E+01.05380.058 4773.01610.70-.002814              3              2                    P 16      475663 510 5 5 1 8    31.0   33.0
 51 2027.649176 2.060E-21 1.508E+01.04650.049 1449.93590.67-.002819              1              0                    P 27      475623 510 5 5 1 8    53.0   55.0
 51 2029.655904 1.536E-24 3.035E+01.05030.053 3022.08730.67-.002832              2              1                    P 21      475623 510 5 5 1 8    41.0   43.0
 51 2030.158686 4.431E-28 4.589E+01.05450.059 4712.71560.71-.002803              3              2                    P 15      475663 510 5 5 1 8    29.0   31.0
 51 2032.352848 3.284E-21 1.519E+01.04710.050 1346.60080.67-.002822              1              0                    P 26      475623 510 5 5 1 8    51.0   53.0
 51 2034.135174 2.160E-24 3.059E+01.05100.054 2942.30280.67-.002832              2              1                    P 20      475663 510 5 5 1 8    39.0   41.0
 51 2034.408303 5.455E-28 4.630E+01.05530.059 4656.17240.72-.002787              3              2                    P 14      475663 510 5 5 1 8    27.0   29.0
 51 2037.025324 5.134E-21 1.531E+01.04770.051 1247.05920.67-.002824              1              0                    P 25      475623 510 5 5 1 8    49.0   51.0
 51 2038.582374 2.975E-24 3.082E+01.05170.055 2866.29750.67-.002831              2              1                    P 19      475663 510 5 5 1 8    37.0   39.0
 51 2038.624974 6.559E-28 4.671E+01.05610.060 4603.38890.73-.002765              3              2                    P 13      475663 510 5 5 1 8    25.0   27.0
 51 2041.666460 7.865E-21 1.542E+01.04830.051 1151.31500.67-.002827              1              0                    P 24      475623 510 5 5 1 8    47.0   49.0
 51 2042.808552 7.699E-28 4.715E+01.05690.062 4554.36700.74-.002736              3              2                    P 12      475663 510 5 5 1 8    23.0   25.0
 51 2042.997357 4.012E-24 3.107E+01.05240.056 2794.07430.68-.002828              2              1                    P 18      475663 510 5 5 1 8    35.0   37.0
 51 2046.276109 1.181E-20 1.553E+01.04900.052 1059.37180.67-.002980              1              0                    P 23      475623 510 5 5 1 1    45.0   47.0
 51 2046.958891 8.811E-28 4.762E+01.05770.063 4509.10880.75-.002699              3              2                    P 11      475663 510 5 5 1 8    21.0   23.0
 51 2047.379978 5.296E-24 3.131E+01.05310.057 2725.63610.69-.002822              2              1                    P 17      475663 510 5 5 1 8    33.0   35.0
 51 2050.854126 1.738E-20 1.565E+01.04960.053  971.23320.67-.003350              1              0                    P 22      475623 510 5 5 1 1    43.0   45.0
 51 2051.075844 9.820E-28 4.814E+01.05860.064 4467.61580.75-.002651              3              2                    P 10      475663 510 5 5 1 8    19.0   21.0
 51 2051.730090 6.838E-24 3.157E+01.05380.058 2660.98550.70-.002814              2              1                    P 16      475663 510 5 5 1 8    31.0   33.0
 51 2055.159265 1.063E-27 4.871E+01.05950.065 4429.88980.75-.002591              3              2                    P  9      475663 510 5 5 1 8    17.0   19.0
 51 2055.400364 2.504E-20 1.578E+01.05030.053  886.90240.67-.003630              1              0                    P 21      475623 510 5 5 1 1    41.0   43.0
 51 2056.047547 8.636E-24 3.183E+01.05450.059 2600.12490.71-.002803              2              1                    P 15      475663 510 5 5 1 8    29.0   31.0
 51 2059.209006 1.117E-27 4.935E+01.06060.066 4395.93220.75-.002514              3              2                    P  8      475663 510 5 5 1 8    15.0   17.0
 51 2059.914677 3.535E-20 1.590E+01.05100.054  806.38280.67-.003050              1              0                    P 20      475663 510 5 5 1 1    39.0   41.0
 51 2060.332203 1.066E-23 3.211E+01.05530.059 2543.05670.72-.002787              2              1                    P 14      475663 510 5 5 1 8    27.0   29.0
 51 2063.224922 1.135E-27 5.013E+01.06180.068 4365.74430.75-.002418              3              2                    P  7      475663 510 5 5 1 8    13.0   15.0
 51 2064.396920 4.885E-20 1.602E+01.05170.055  729.67740.67-.003410              1              0                    P 19      475663 510 5 5 1 1    37.0   39.0
 51 2064.583910 1.285E-23 3.240E+01.05610.060 2489.78310.73-.002765              2              1                    P 13      475663 510 5 5 1 8    25.0   27.0
 51 2067.206865 1.107E-27 5.107E+01.06320.069 4339.32740.74-.002298              3              2                    P  6      475663 510 5 5 1 8    11.0   13.0
 51 2068.802522 1.511E-23 3.270E+01.05690.062 2440.30620.74-.002736              2              1                    P 12      475663 510 5 5 1 8    23.0   25.0
 51 2068.846945 6.609E-20 1.615E+01.05240.056  656.78920.68-.003500              1              0                    P 18      475663 510 5 5 1 1    35.0   37.0
 51 2071.154689 1.033E-27 5.231E+01.06510.071 4316.68240.74-.002148              3              2                    P  5      475663 510 5 5 1 8     9.0   11.0
 51 2072.987893 1.734E-23 3.304E+01.05770.063 2394.62790.75-.002699              2              1                    P 11      475663 510 5 5 1 8    21.0   23.0
 51 2073.264607 8.750E-20 1.628E+01.05310.057  587.72090.69-.003350              1              0                    P 17      475663 510 5 5 1 1    33.0   35.0
 51 2075.068247 9.071E-28 5.412E+01.06770.074 4297.81020.74-.001961              3              2                    P  4      475663 510 5 5 1 8     7.0    9.0
 51 2077.139876 1.936E-23 3.340E+01.05860.064 2352.74990.75-.002651              2              1                    P 10      475663 510 5 5 1 8    19.0   21.0
 51 2077.649758 1.133E-19 1.641E+01.05380.058  522.47510.70-.003290              1              0                    P 16      475663 510 5 5 1 1    31.0   33.0
 51 2078.947391 7.335E-28 5.714E+01.07120.077 4282.71160.74-.001726              3              2                    P  3      475663 510 5 5 1 8     5.0    7.0
 51 2081.258324 2.100E-23 3.379E+01.05950.065 2314.67390.75-.002591              2              1                    P  9      475663 510 5 5 1 8    17.0   19.0
 51 2082.002253 1.435E-19 1.655E+01.05450.059  461.05440.71-.003260              1              0                    P 15      475663 510 5 5 1 1    29.0   31.0
 51 2082.791976 5.176E-28 6.385E+01.07570.081 4271.38710.75-.001431              3              2                    P  2      475663 510 5 5 1 8     3.0    5.0
 51 2085.343090 2.210E-23 3.424E+01.06060.066 2280.40120.75-.002514              2              1                    P  8      475663 510 5 5 1 8    15.0   17.0
 51 2086.321945 1.776E-19 1.669E+01.05530.059  403.46120.72-.003350              1              0                    P 14      475663 510 5 5 1 1    27.0   29.0
 51 2086.601854 2.690E-28 9.630E+01.08030.087 4263.83720.76-.001060              3              2                    P  1      475663 510 5 5 1 8     1.0    3.0
 51 2089.394028 2.246E-23 3.477E+01.06180.068 2249.93340.75-.002418              2              1                    P  7      475663 510 5 5 1 8    13.0   15.0
 51 2090.608687 2.145E-19 1.685E+01.05610.060  349.69750.73-.003510              1              0                    P 13      475663 510 5 5 1 1    25.0   27.0
 51 2093.410991 2.196E-23 3.543E+01.06320.069 2223.27140.74-.002298              2              1                    P  6      475663 510 5 5 1 8    11.0   13.0
 51 2094.116902 2.750E-28 3.246E+01.08030.087 4260.06220.76-.002018              3              2                    R  0      475663 510 5 5 1 8     3.0    1.0
 51 2094.862333 2.529E-19 1.700E+01.05690.062  299.76560.74-.003410              1              0                    P 12      475663 510 5 5 1 1    23.0   25.0
 51 2097.393832 2.049E-23 3.630E+01.06510.071 2200.41640.74-.002148              2              1                    P  5      475663 510 5 5 1 8     9.0   11.0
 51 2097.821778 5.411E-28 3.916E+01.07570.081 4263.83720.75-.001922              3              2                    R  1      475663 510 5 5 1 8     5.0    3.0
 51 2099.082735 2.908E-19 1.717E+01.05770.063  253.66720.75-.003620              1              0                    P 11      475663 510 5 5 1 1    21.0   23.0
 51 2101.342404 1.802E-23 3.754E+01.06770.074 2181.36920.74-.001961              2              1                    P  4      475663 510 5 5 1 8     7.0    9.0
 51 2101.491360 7.838E-28 4.218E+01.07120.077 4271.38710.74-.001841              3              2                    R  2      475663 510 5 5 1 8     7.0    5.0
 51 2103.269747 3.253E-19 1.736E+01.05860.064  211.40410.75-.003570              1              0                    P 10      475663 510 5 5 1 1    19.0   21.0
 51 2105.125500 9.908E-28 4.398E+01.06770.074 4282.71160.74-.001780              3              2                    R  3      475663 510 5 5 1 8     9.0    7.0
 51 2105.256560 1.458E-23 3.965E+01.07120.077 2166.13050.74-.001726              2              1                    P  3      475663 510 5 5 1 8     5.0    7.0
 51 2107.423222 3.535E-19 1.757E+01.05950.065  172.97800.75-.003590              1              0                    P  9      475663 510 5 5 1 1    17.0   19.0
 51 2108.724053 1.153E-27 4.522E+01.06510.071 4297.81020.74-.001736              3              2                    R  4      475663 510 5 5 1 8    11.0    9.0
 51 2109.136154 1.030E-23 4.431E+01.07570.081 2154.70100.75-.001431              2              1                    P  2      475663 510 5 5 1 8     3.0    5.0
 51 2111.543014 3.725E-19 1.781E+01.06060.066  138.39040.75-.003580              1              0                    P  8      475663 510 5 5 1 1    15.0   17.0
 51 2112.286871 1.265E-27 4.615E+01.06320.069 4316.68240.74-.001710              3              2                    R  5      475663 510 5 5 1 8    13.0   11.0
 51 2112.981038 5.354E-24 6.683E+01.08030.087 2147.08110.76-.001060              2              1                    P  1      475663 510 5 5 1 8     1.0    3.0
 51 2115.628975 3.793E-19 1.808E+01.06180.068  107.64240.75-.003490              1              0                    P  7      475663 510 5 5 1 1    13.0   15.0
 51 2115.813807 1.324E-27 4.690E+01.06180.068 4339.32740.75-.001700              3              2                    R  6      475663 510 5 5 1 8    15.0   13.0
 51 2119.304715 1.334E-27 4.754E+01.06060.066 4365.74430.75-.001704              3              2                    R  7      475663 510 5 5 1 8    17.0   15.0
 51 2119.680959 3.713E-19 1.842E+01.06320.069   80.73540.74-.003440              1              0                    P  6      475663 510 5 5 1 1    11.0   13.0
 51 2120.566089 5.474E-24 2.252E+01.08030.087 2143.27110.76-.002018              2              1                    R  0      475663 510 5 5 1 8     3.0    1.0
 51 2122.759447 1.298E-27 4.810E+01.05950.065 4395.93220.75-.001720              3              2                    R  8      475663 510 5 5 1 8    19.0   17.0
 51 2123.698818 3.468E-19 1.887E+01.06510.071   57.67040.74-.003310              1              0                    P  5      475663 510 5 5 1 1     9.0   11.0
 51 2124.305963 1.077E-23 2.718E+01.07570.081 2147.08110.75-.001922              2              1                    R  1      475663 510 5 5 1 8     5.0    3.0
 51 2126.177857 1.225E-27 4.860E+01.05860.064 4429.88980.75-.001746              3              2                    R  9      475663 510 5 5 1 8    21.0   19.0
 51 2127.682406 3.052E-19 1.952E+01.06770.074   38.44810.74-.003090              1              0                    P  4      475663 510 5 5 1 1     7.0    9.0
 51 2128.010540 1.559E-23 2.927E+01.07120.077 2154.70100.74-.001841              2              1                    R  2      475663 510 5 5 1 8     7.0    5.0
 51 2129.559799 1.124E-27 4.906E+01.05770.063 4467.61580.75-.001781              3              2                    R 10      475663 510 5 5 1 8    23.0   21.0
 51 2131.631576 2.472E-19 2.062E+01.07120.077   23.06950.74-.002030              1              0                    P  3      475663 510 5 5 1 1     5.0    7.0
 51 2131.679673 1.971E-23 3.052E+01.06770.074 2166.13050.74-.001780              2              1                    R  3      475663 510 5 5 1 8     9.0    7.0
 51 2132.905125 1.004E-27 4.948E+01.05690.062 4509.10880.74-.001824              3              2                    R 11      475663 510 5 5 1 8    25.0   23.0
 51 2135.313215 2.292E-23 3.138E+01.06510.071 2181.36920.74-.001736              2              1                    R  4      475663 510 5 5 1 8    11.0    9.0
 51 2135.546180 1.746E-19 2.304E+01.07570.081   11.53500.75-.002660              1              0                    P  2      475663 510 5 5 1 1     3.0    5.0
 51 2136.213688 8.743E-28 4.987E+01.05610.060 4554.36700.73-.001872              3              2                    R 12      475663 510 5 5 1 8    27.0   25.0
 51 2138.911020 2.512E-23 3.204E+01.06320.069 2200.41640.74-.001710              2              1                    R  5      475663 510 5 5 1 8    13.0   11.0
 51 2139.426073 9.083E-20 3.475E+01.08030.087    3.84500.76-.003010              1              0                    P  1      475663 510 5 5 1 1     1.0    3.0
 51 2139.485343 7.431E-28 5.024E+01.05530.059 4603.38890.72-.001924              3              2                    R 13      475663 510 5 5 1 8    29.0   27.0
 51 2142.472940 2.627E-23 3.256E+01.06180.068 2223.27140.75-.001700              2              1                    R  6      475663 510 5 5 1 8    15.0   13.0
 51 2142.719943 6.172E-28 5.061E+01.05450.059 4656.17240.71-.001981              3              2                    R 14      475663 510 5 5 1 8    31.0   29.0
 51 2145.917341 5.010E-28 5.095E+01.05380.058 4712.71560.70-.002040              3              2                    R 15      475663 510 5 5 1 8    33.0   31.0
 51 2145.998829 2.643E-23 3.301E+01.06060.066 2249.93340.75-.001704              2              1                    R  7      475663 510 5 5 1 8    17.0   15.0
 51 2147.081134 9.290E-20 1.171E+01.08030.087    0.00000.76-.002100              1              0                    R  0      475663 510 5 5 1 1     3.0    1.0
 51 2149.077390 3.978E-28 5.128E+01.05310.057 4773.01610.69-.002101              3              2                    R 16      475663 510 5 5 1 8    35.0   33.0
 51 2149.488540 2.569E-23 3.339E+01.05950.065 2280.40120.75-.001720              2              1                    R  8      475663 510 5 5 1 8    19.0   17.0
 51 2150.856008 1.828E-19 1.413E+01.07570.081    3.84500.75-.002400              1              0                    R  1      475663 510 5 5 1 1     5.0    3.0
 51 2152.199945 3.090E-28 5.161E+01.05240.056 4837.07170.68-.002163              3              2                    R 17      475663 510 5 5 1 8    37.0   35.0
 51 2152.941927 2.421E-23 3.374E+01.05860.064 2314.67390.75-.001746              2              1                    R  9      475663 510 5 5 1 8    21.0   19.0
 51 2154.595583 2.646E-19 1.523E+01.07120.077   11.53500.74-.002620              1              0                    R  2      475663 510 5 5 1 1     7.0    5.0
 51 2155.284858 2.350E-28 5.191E+01.05170.055 4904.87990.67-.002226              3              2                    R 18      475663 510 5 5 1 8    39.0   37.0
 51 2156.358842 2.217E-23 3.405E+01.05770.063 2352.74990.75-.001781              2              1                    R 10      475663 510 5 5 1 8    23.0   21.0
 51 2158.299712 3.342E-19 1.588E+01.06770.074   23.06950.74-.002530              1              0                    R  3      475663 510 5 5 1 1     9.0    7.0
 51 2158.331984 1.750E-28 5.221E+01.05100.054 4976.43800.67-.002290              3              2                    R 19      475663 510 5 5 1 8    41.0   39.0
 51 2159.739140 1.977E-23 3.435E+01.05690.062 2394.62790.74-.001824              2              1                    R 11      475663 510 5 5 1 8    25.0   23.0
 51 2161.341176 1.277E-28 5.252E+01.05030.053 5051.74320.67-.002353              3              2                    R 20      475663 510 5 5 1 8    43.0   41.0
 51 2161.968247 3.884E-19 1.632E+01.06510.071   38.44810.74-.002660              1              0                    R  4      475663 510 5 5 1 1    11.0    9.0
 51 2163.082673 1.718E-23 3.462E+01.05610.060 2440.30620.73-.001872              2              1                    R 12      475663 510 5 5 1 8    27.0   25.0
 51 2164.312288 9.122E-29 5.280E+01.04960.053 5130.79260.67-.002416              3              2                    R 21      475663 510 5 5 1 8    45.0   43.0
 51 2165.601042 4.253E-19 1.666E+01.06320.069   57.67040.74-.002590              1              0                    R  5      475663 510 5 5 1 1    13.0   11.0
 51 2166.389295 1.457E-23 3.489E+01.05530.059 2489.78310.72-.001924              2              1                    R 13      475663 510 5 5 1 8    29.0   27.0
 51 2167.245173 6.388E-29 5.309E+01.04900.052 5213.58320.67-.002479              3              2                    R 22      475663 510 5 5 1 8    47.0   45.0
 51 2169.197950 4.444E-19 1.693E+01.06180.068   80.73540.75-.002540              1              0                    R  6      475663 510 5 5 1 1    15.0   13.0
 51 2169.658860 1.207E-23 3.514E+01.05450.059 2543.05670.71-.001981              2              1                    R 14      475663 510 5 5 1 8    31.0   29.0
 51 2170.139686 4.385E-29 5.337E+01.04830.051 5300.11170.67-.002540              3              2                    R 23      475663 510 5 5 1 8    49.0   47.0
 51 2172.758825 4.465E-19 1.717E+01.06060.066  107.64240.75-.002600              1              0                    R  7      475663 510 5 5 1 1    17.0   15.0
 51 2172.891222 9.778E-24 3.538E+01.05380.058 2600.12490.70-.002040              2              1                    R 15      475663 510 5 5 1 8    33.0   31.0
 51 2172.995681 2.950E-29 5.365E+01.04770.051 5390.37470.67-.002601              3              2                    R 24      475663 510 5 5 1 8    51.0   49.0
 51 2175.813011 1.946E-29 5.391E+01.04710.050 5484.36870.67-.002661              3              2                    R 25      475663 510 5 5 1 8    53.0   51.0
 51 2176.086233 7.743E-24 3.561E+01.05310.057 2660.98550.69-.002101              2              1                    R 16      475663 510 5 5 1 8    35.0   33.0
 51 2176.283519 4.335E-19 1.737E+01.05950.065  138.39040.75-.002420              1              0                    R  8      475663 510 5 5 1 1    19.0   17.0
 51 2178.591531 1.259E-29 5.417E+01.04650.049 5582.09010.67-.002719              3              2                    R 26      475663 510 5 5 1 8    55.0   53.0
 51 2179.243748 5.999E-24 3.584E+01.05240.056 2725.63610.68-.002163              2              1                    R 17      475663 510 5 5 1 8    37.0   35.0
 51 2179.771887 4.079E-19 1.755E+01.05860.064  172.97800.75-.002550              1              0                    R  9      475663 510 5 5 1 1    21.0   19.0
 51 2181.331094 7.986E-30 5.444E+01.04600.049 5683.53510.67-.002777              3              2                    R 27      475663 510 5 5 1 8    57.0   55.0
 51 2182.363620 4.548E-24 3.605E+01.05170.055 2794.07430.67-.002226              2              1                    R 18      475663 510 5 5 1 8    39.0   37.0
 51 2183.223781 3.729E-19 1.772E+01.05770.063  211.40410.75-.002540              1              0                    R 10      475663 510 5 5 1 1    23.0   21.0
 51 2184.031555 4.970E-30 5.469E+01.04540.048 5788.69960.67-.002833              3              2                    R 28      475663 510 5 5 1 8    59.0   57.0
 51 2185.445703 3.376E-24 3.627E+01.05100.054 2866.29750.67-.002290              2              1                    R 19      475663 510 5 5 1 8    41.0   39.0
 51 2186.639055 3.319E-19 1.788E+01.05690.062  253.66720.74-.002500              1              0                    R 11      475663 510 5 5 1 1    25.0   23.0
 51 2186.692768 3.033E-30 5.495E+01.04480.047 5897.57960.67-.002887              3              2                    R 29      475663 510 5 5 1 8    61.0   59.0
 51 2188.489851 2.454E-24 3.648E+01.05030.053 2942.30280.67-.002353              2              1                    R 20      475623 510 5 5 1 8    43.0   41.0
 51 2189.314587 1.816E-30 5.520E+01.04430.047 6010.17090.67-.002941              3              2                    R 30      475663 510 5 5 1 8    63.0   61.0
 51 2190.017563 2.879E-19 1.801E+01.05610.060  299.76560.73-.002580              1              0                    R 12      475663 510 5 5 1 1    27.0   25.0
 51 2191.495919 1.747E-24 3.668E+01.04960.053 3022.08730.67-.002416              2              1                    R 21      475623 510 5 5 1 8    45.0   43.0
 51 2191.896867 1.067E-30 5.545E+01.04380.046 6126.46910.67-.002993              3              2                    R 31      475663 510 5 5 1 8    65.0   63.0
 51 2193.359157 2.437E-19 1.815E+01.05530.059  349.69750.72-.002590              1              0                    R 13      475663 510 5 5 1 1    29.0   27.0
 51 2194.439462 6.149E-31 5.569E+01.04320.046 6246.46950.67-.003043              3              2                    R 32      475663 510 5 5 1 8    67.0   65.0
 51 2194.463759 1.219E-24 3.688E+01.04900.052 3105.64790.67-.002479              2              1                    R 22      475623 510 5 5 1 8    47.0   45.0
 51 2196.663693 2.015E-19 1.829E+01.05450.059  403.46120.71-.002640              1              0                    R 14      475663 510 5 5 1 1    31.0   29.0
 51 2196.942226 3.478E-31 5.593E+01.04270.045 6370.16770.67-.003092              3              2                    R 33      475663 510 5 5 1 8    69.0   67.0
 51 2197.393227 8.338E-25 3.707E+01.04830.051 3192.98150.67-.002540              2              1                    R 23      475623 510 5 5 1 8    49.0   47.0
 51 2199.405015 1.931E-31 5.616E+01.04220.045 6497.55860.67-.003140              3              2                    R 34      475663 510 5 5 1 8    71.0   69.0
 51 2199.931023 1.627E-19 1.841E+01.05380.058  461.05440.70-.002690              1              0                    R 15      475663 510 5 5 1 1    33.0   31.0
 51 2200.284176 5.587E-25 3.727E+01.04770.051 3284.08460.67-.002601              2              1                    R 24      475623 510 5 5 1 8    51.0   49.0
 51 2201.827683 1.052E-31 5.640E+01.04170.044 6628.63740.67-.003187              3              2                    R 35      475663 510 5 5 1 8    73.0   71.0
 51 2203.136460 3.670E-25 3.746E+01.04710.050 3378.95370.67-.002661              2              1                    R 25      475623 510 5 5 1 8    53.0   51.0
 51 2203.161001 1.285E-19 1.853E+01.05310.057  522.47510.69-.002740              1              0                    R 16      475663 510 5 5 1 1    35.0   33.0
 51 2205.949934 2.364E-25 3.764E+01.04650.049 3477.58510.67-.002719              2              1                    R 26      475623 510 5 5 1 8    55.0   53.0
 51 2206.353482 9.927E-20 1.865E+01.05240.056  587.72090.68-.002870              1              0                    R 17      475663 510 5 5 1 1    37.0   35.0
 51 2208.724452 1.493E-25 3.783E+01.04600.049 3579.97510.67-.002777              2              1                    R 27      475623 510 5 5 1 8    57.0   55.0
 51 2209.508319 7.504E-20 1.877E+01.05170.055  656.78920.67-.002650              1              0                    R 18      475663 510 5 5 1 1    39.0   37.0
 51 2211.459869 9.246E-26 3.801E+01.04540.048 3686.11980.67-.002833              2              1                    R 28      475623 510 5 5 1 8    59.0   57.0
 51 2212.625365 5.553E-20 1.887E+01.05100.054  729.67740.67-.002790              1              0                    R 19      475663 510 5 5 1 1    41.0   39.0
 51 2214.156039 5.616E-26 3.819E+01.04480.047 3796.01490.67-.002887              2              1                    R 29      475623 510 5 5 1 8    61.0   59.0
 51 2215.704476 4.023E-20 1.898E+01.05030.053  806.38280.67-.003130              1              0                    R 20      475623 510 5 5 1 1    43.0   41.0
 51 2216.812816 3.346E-26 3.837E+01.04430.047 3909.65620.67-.002941              2              1                    R 30      475623 510 5 5 1 8    63.0   61.0
 51 2218.745505 2.855E-20 1.909E+01.04960.053  886.90240.67-.003140              1              0                    R 21      475623 510 5 5 1 1    45.0   43.0
 51 2219.430056 1.955E-26 3.854E+01.04380.046 4027.03950.67-.002993              2              1                    R 31      475623 510 5 5 1 8    65.0   63.0
 51 2221.748306 1.985E-20 1.920E+01.04900.052  971.23320.67-.002780              1              0                    R 22      475623 510 5 5 1 1    47.0   45.0
 51 2222.007612 1.121E-26 3.871E+01.04320.046 4148.16010.67-.003043              2              1                    R 32      475623 510 5 5 1 8    67.0   65.0
 51 2224.545341 6.306E-27 3.889E+01.04270.045 4273.01330.67-.003092              2              1                    R 33      475623 510 5 5 1 8    69.0   67.0
 51 2224.712734 1.351E-20 1.931E+01.04830.051 1059.37180.67-.002880              1              0                    R 23      475623 510 5 5 1 1    49.0   47.0
 51 2227.043097 3.480E-27 3.905E+01.04220.045 4401.59430.67-.003140              2              1                    R 34      475623 510 5 5 1 8    71.0   69.0
 51 2227.638643 9.022E-21 1.940E+01.04770.051 1151.31500.67-.002601              1              0                    R 24      475623 510 5 5 1 8    51.0   49.0
 51 2229.500734 1.885E-27 3.922E+01.04170.044 4533.89830.67-.003187              2              1                    R 35      475623 510 5 5 1 8    73.0   71.0
 51 2230.525888 5.902E-21 1.950E+01.04710.050 1247.05920.67-.002661              1              0                    R 25      475623 510 5 5 1 8    53.0   51.0
 51 2231.918108 1.002E-27 3.938E+01.04130.044 4669.92000.67-.003232              2              1                    R 36      475623 510 5 5 1 8    75.0   73.0
 51 2233.374323 3.785E-21 1.960E+01.04650.049 1346.60080.67-.002719              1              0                    R 26      475623 510 5 5 1 8    55.0   53.0
 51 2234.295073 5.224E-28 3.954E+01.04080.043 4809.65410.67-.003276              2              1                    R 37      475623 510 5 5 1 8    77.0   75.0
 51 2236.183803 2.379E-21 1.970E+01.04600.049 1449.93590.67-.002777              1              0                    R 27      475623 510 5 5 1 8    57.0   55.0
 51 2236.631486 2.674E-28 3.970E+01.04030.043 4953.09540.67-.003318              2              1                    R 38      475623 510 5 5 1 8    79.0   77.0
 51 2238.927200 1.344E-28 3.986E+01.03990.042 5100.23820.67-.003360              2              1                    R 39      475623 510 5 5 1 8    81.0   79.0
 51 2238.954182 1.467E-21 1.980E+01.04540.048 1557.06070.67-.002833              1              0                    R 28      475623 510 5 5 1 8    59.0   57.0
 51 2241.182072 6.626E-29 4.001E+01.03950.042 5251.07690.67-.003400              2              1                    R 40      475623 510 5 5 1 8    83.0   81.0
 51 2241.685315 8.865E-22 1.989E+01.04480.047 1667.97090.67-.002887              1              0                    R 29      475623 510 5 5 1 8    61.0   59.0
 51 2243.395957 3.208E-29 4.016E+01.03900.041 5405.60560.67-.003439              2              1                    R 41      475623 510 5 5 1 8    85.0   83.0
 51 2244.377056 5.255E-22 1.998E+01.04430.047 1782.66240.67-.002941              1              0                    R 30      475623 510 5 5 1 8    63.0   61.0
 51 2245.568710 1.524E-29 4.032E+01.03860.041 5563.81840.67-.003476              2              1                    R 42      475623 510 5 5 1 8    87.0   85.0
 51 2247.029262 3.055E-22 2.007E+01.04380.046 1901.13080.67-.002993              1              0                    R 31      475623 510 5 5 1 8    65.0   63.0
 51 2247.700187 7.112E-30 4.046E+01.03820.040 5725.70900.67-.003513              2              1                    R 43      475623 510 5 5 1 8    89.0   87.0
 51 2249.641788 1.742E-22 2.017E+01.04320.046 2023.37150.67-.003043              1              0                    R 32      475623 510 5 5 1 8    67.0   65.0
 51 2249.790242 3.258E-30 4.061E+01.03780.040 5891.27140.67-.003549              2              1                    R 44      475623 510 5 5 1 8    91.0   89.0
 51 2251.838733 1.465E-30 4.076E+01.03740.040 6060.49900.67-.003583              2              1                    R 45      475623 510 5 5 1 8    93.0   91.0
 51 2252.214487 9.745E-23 2.026E+01.04270.045 2149.37990.67-.003092              1              0                    R 33      475623 510 5 5 1 8    69.0   67.0
 51 2253.845514 6.470E-31 4.091E+01.03700.039 6233.38530.67-.003617              2              1                    R 46      475623 510 5 5 1 8    95.0   93.0
 51 2254.747216 5.348E-23 2.034E+01.04220.045 2279.15110.67-.003140              1              0                    R 34      475623 510 5 5 1 8    71.0   69.0
 51 2255.810441 2.806E-31 4.104E+01.03660.039 6409.92360.67-.003649              2              1                    R 47      475623 510 5 5 1 8    97.0   95.0
 51 2257.239829 2.879E-23 2.043E+01.04170.044 2412.68010.67-.003187              1              0                    R 35      475623 510 5 5 1 8    73.0   71.0
 51 2257.733370 1.195E-31 4.118E+01.03620.038 6590.10710.67-.003681              2              1                    R 48      475623 510 5 5 1 8    99.0   97.0
 51 2259.692183 1.521E-23 2.052E+01.04130.044 2549.96200.67-.003232              1              0                    R 36      475623 510 5 5 1 8    75.0   73.0
 51 2262.104132 7.883E-24 2.060E+01.04080.043 2690.99130.67-.003276              1              0                    R 37      475623 510 5 5 1 8    77.0   75.0
 51 2264.475532 4.009E-24 2.069E+01.04030.043 2835.76270.67-.003318              1              0                    R 38      475623 510 5 5 1 8    79.0   77.0
 51 2266.806239 2.001E-24 2.078E+01.03990.042 2984.27070.67-.003360              1              0                    R 39      475623 510 5 5 1 8    81.0   79.0
 51 2269.096108 9.800E-25 2.085E+01.03950.042 3136.50950.67-.003400              1              0                    R 40      475623 510 5 5 1 8    83.0   81.0
 51 2271.344996 4.713E-25 2.093E+01.03900.041 3292.47340.67-.003439              1              0                    R 41      475623 510 5 5 1 8    85.0   83.0
 51 2273.552757 2.224E-25 2.102E+01.03860.041 3452.15630.67-.003476              1              0                    R 42      475623 510 5 5 1 8    87.0   85.0
 51 2275.719249 1.030E-25 2.110E+01.03820.040 3615.55210.67-.003513              1              0                    R 43      475623 510 5 5 1 8    89.0   87.0
 51 2277.844326 4.683E-26 2.118E+01.03780.040 3782.65460.67-.003549              1              0                    R 44      475623 510 5 5 1 8    91.0   89.0
 51 2279.927846 2.090E-26 2.126E+01.03740.040 3953.45740.67-.003583              1              0                    R 45      475623 510 5 5 1 8    93.0   91.0
 51 2281.969664 9.160E-27 2.132E+01.03700.039 4127.95390.67-.003617              1              0                    R 46      475623 510 5 5 1 8    95.0   93.0
 51 2283.969636 3.941E-27 2.140E+01.03660.039 4306.13750.67-.003649              1              0                    R 47      475623 510 5 5 1 8    97.0   95.0
 51 2285.927619 1.665E-27 2.148E+01.03620.038 4488.00120.67-.003681              1              0                    R 48      475623 510 5 5 1 8    99.0   97.0
 51 2287.843469 6.904E-28 2.155E+01.03590.038 4673.53810.67-.003711              1              0                    R 49      475623 510 5 5 1 8   101.0   99.0
 51 2289.717042 2.812E-28 2.163E+01.03550.038 4862.74110.67-.003741              1              0                    R 50      375623 510 5 5 1 8   103.0  101.0
 51 2291.548195 1.124E-28 2.170E+01.03520.037 5055.60290.67-.003770              1              0                    R 51      375623 510 5 5 1 8   105.0  103.0
 51 2293.336784 4.416E-29 2.177E+01.03480.037 5252.11620.67-.003798              1              0                    R 52      375623 510 5 5 1 8   107.0  105.0
 51 2295.082667 1.703E-29 2.183E+01.03450.037 5452.27330.67-.003825              1              0                    R 53      375623 510 5 5 1 8   109.0  107.0
 51 2296.785698 6.450E-30 2.190E+01.03420.036 5656.06660.67-.003852              1              0                    R 54      375623 510 5 5 1 8   111.0  109.0
 51 2298.445736 2.400E-30 2.197E+01.03380.036 5863.48830.67-.003877              1              0                    R 55      375623 510 5 5 1 8   113.0  111.0
 51 2300.062637 8.770E-31 2.204E+01.03350.036 6074.53040.67-.003902              1              0                    R 56      375623 510 5 5 1 8   115.0  113.0
 51 2301.636256 3.148E-31 2.210E+01.03320.035 6289.18470.67-.003926              1              0                    R 57      375623 510 5 5 1 8   117.0  115.0
 51 2303.166452 1.110E-31 2.217E+01.03290.035 6507.44310.67-.003950              1              0                    R 58      375623 510 5 5 1 8   119.0  117.0
